# ALERA2 sigma level
0.9948908091
0.9842425092
0.9726858107
0.9601432099
0.9465305879
0.9317566456
0.9157222900
0.8983199672
0.8794329387
0.8589344942
0.8366870965
0.8125414515
0.7863354958
0.7590617564
0.7317879416
0.7045140426
0.6772400493
0.6499659498
0.6226917301
0.5954173736
0.5681428608
0.5408681679
0.5135932663
0.4863181207
0.4590426878
0.4317669130
0.4044907271
0.3772140409
0.3499367373
0.3226586596
0.2953795931
0.2680992357
0.2408171479
0.2135326654
0.1862447331
0.1604740481
0.1375238600
0.1170853789
0.0988835872
0.0826735282
0.0682369897
0.0553795271
0.0439277597
0.0337268313
0.0246377515
0.0165335187
0.0092867528
0.0025075149
